1.216598785871964992e+03 7.222075055187638100e+02
1.332603200883002501e+03 8.266114790286974312e+02
1.553011589403973630e+03 8.382119205298013185e+02
1.686416666666666970e+03 8.498123620309047510e+02
1.802421081677704478e+03 7.802097130242823368e+02
1.901024834437086156e+03 7.396081677704191861e+02
1.941626379690949307e+03 6.642052980132448283e+02
2.005428807947020232e+03 4.785982339955849056e+02
1.982227924944812457e+03 3.277924944812361900e+02
1.953226821192053194e+03 2.349889624724060013e+02
6.481771523178808820e+02 1.621241721854304615e+03
6.133758278145696750e+02 1.719845474613686292e+03
6.771782560706401455e+02 1.980855408388520800e+03
1.025191501103753126e+03 2.154862030905077063e+03
1.164396799116997954e+03 2.166462472406180495e+03
3.929674392935985452e+02 1.827869757174389633e+02
1.029564017660045465e+02 4.959988962472402818e+02
3.407654525386315072e+02 6.236037527593816776e+02
4.277687637969097523e+02 6.990066225165560354e+02
2.653625827814571494e+02 8.846136865342159581e+02
6.075756070640177313e+02 1.035419426048565128e+03
5.611738410596026370e+02 2.932091611479028415e+03
9.265877483443709934e+02 1.893852097130242555e+03
1.553011589403973630e+03 4.205960264900659240e+02
0.000000000000000000e+00 0.000000000000000000e+00
0.000000000000000000e+00 3.152000000000000000e+03
2.497000000000000000e+03 0.000000000000000000e+00
2.497000000000000000e+03 3.152000000000000000e+03
