1.175997240618101841e+03 7.164072847682118663e+02
1.315202538631346670e+03 8.440121412803528074e+02
1.529810706401766311e+03 8.440121412803528074e+02
1.645815121412803819e+03 8.556125827814566946e+02
1.767619757174393271e+03 8.034105960264896567e+02
1.837222406181015685e+03 7.454083885209711298e+02
1.906825055187638100e+03 6.700055187637967720e+02
1.982227924944812457e+03 4.553973509933771311e+02
1.959027041942605138e+03 2.987913907284764718e+02
1.924225717439293931e+03 2.059878587196467379e+02
6.191760485651216186e+02 1.627041942604856331e+03
6.017753863134657877e+02 1.725645695364238236e+03
6.771782560706401455e+02 2.009856512141280064e+03
1.025191501103753126e+03 2.195463576158940214e+03
1.135395695364238691e+03 2.178062913907284383e+03
3.407654525386315072e+02 2.059878587196467379e+02
9.715618101545260288e+01 5.017991169977922254e+02
3.001639072847683565e+02 6.236037527593816776e+02
4.045678807947019777e+02 7.338079470198672425e+02
2.363614790286974312e+02 8.962141280353198454e+02
5.553736203090506933e+02 1.029619205298013185e+03
5.321727373068433735e+02 2.897290286975717208e+03
9.207875275938190498e+02 1.888051876379690611e+03
1.547211368653421687e+03 4.437969094922736986e+02
0.000000000000000000e+00 0.000000000000000000e+00
0.000000000000000000e+00 3.152000000000000000e+03
2.497000000000000000e+03 0.000000000000000000e+00
2.497000000000000000e+03 3.152000000000000000e+03
