1.614000108565845153e+02 1.354244381717511487e+02
3.079639018564759567e+02 1.014976115514059529e+02
4.477424275322984499e+02 1.422098034958202106e+02
4.993112039952232522e+02 3.444136901530778232e+02
4.789551080230160665e+02 5.669736727825427351e+02
3.785317012267941550e+02 6.796107371620888671e+02
2.930360981435240433e+02 7.053951253935512113e+02
2.034692758658126763e+02 6.741824449028335948e+02
1.179736727825425646e+02 5.520458690695907080e+02
1.044029421344044408e+02 3.471278362827055162e+02
1.586858647269569360e+02 3.362712517641949717e+02
2.075404950602540453e+02 3.172722288568016893e+02
2.455385408750407237e+02 3.349141786993811820e+02
2.007551297361849834e+02 3.484849093475193058e+02
3.541043860601456004e+02 3.281288133753121201e+02
4.070302355878841922e+02 3.159151557919878996e+02
4.531707197915537222e+02 3.416995440234502439e+02
4.056731625230702889e+02 3.471278362827055162e+02
2.604663445879926371e+02 4.556936814678102792e+02
2.943931712083379466e+02 4.706214851807621926e+02
3.337482900879384147e+02 4.597649006622517049e+02
2.156829334491368968e+02 5.452605037455216461e+02
2.930360981435240433e+02 5.506887960047769184e+02
3.826029204212355239e+02 5.466175768103355495e+02
0.000000000000000000e+00 0.000000000000000000e+00
0.000000000000000000e+00 7.490000000000000000e+02
6.010000000000000000e+02 0.000000000000000000e+00
6.010000000000000000e+02 7.490000000000000000e+02
