1.641141569862120946e+02 7.978444251438497758e+01
3.106780479861036497e+02 6.078541960699169522e+01
4.436712083378569673e+02 8.114151557919876723e+01
5.169531538378028017e+02 3.322000325697536027e+02
4.680985235045056356e+02 5.615453805232873492e+02
3.961736510693736477e+02 6.511122028009988298e+02
3.038926826620345878e+02 6.972526870046683598e+02
2.102546411898817382e+02 6.619687873195093744e+02
1.261161111714254162e+02 5.506887960047769184e+02
9.218928455108022035e+01 3.227005211160569615e+02
1.586858647269569360e+02 2.996302790142221966e+02
2.061834219954402556e+02 2.724888177179459490e+02
2.563951253935512682e+02 2.942019867549669243e+02
2.088975681250678349e+02 3.050585712734773551e+02
3.663180436434698208e+02 2.914878406253393450e+02
4.165297470415808334e+02 2.738458907827597386e+02
4.667414504396917323e+02 3.023444251438497758e+02
4.138156009119531404e+02 3.064156443382912585e+02
2.686087829768754887e+02 4.231239279122788162e+02
3.052497557268483774e+02 4.380517316252307296e+02
3.486760938008903281e+02 4.204097817826512369e+02
2.129687873195093175e+02 5.221902616436868811e+02
3.066068287916621671e+02 5.208331885788732052e+02
4.002448702638151303e+02 5.208331885788732052e+02
0.000000000000000000e+00 0.000000000000000000e+00
0.000000000000000000e+00 7.490000000000000000e+02
6.010000000000000000e+02 0.000000000000000000e+00
6.010000000000000000e+02 7.490000000000000000e+02
